-0.0022382515016943
0.0315615944564342
0.0857545062899590
-0.0320346616208553
-0.0757874026894569
-0.0584204569458961
-0.0185495726764202
-0.1221532374620438
0.0213980115950108
0.0653752535581589
-0.1838734298944473
0.0654635205864906
-0.0851753428578377
0.0972760319709778
-0.0041434466838837
0.0488559342920780
-0.2248818725347519
-0.0449366830289364
-0.0823986232280731
0.0204973444342613
-0.0535555519163609
0.0233719740062952
-0.2111280709505081
0.0820645317435265
-0.1764371991157532
-0.0054831025190651
-0.1722497642040253
-0.0667826160788536
-0.1796830147504807
-0.0500477291643620
-0.1012507230043411
-0.0958007201552391
-0.0546330772340298
-0.1312992125749588
-0.1002381518483162
-0.1441140323877335
-0.1473919302225113
0.0464061573147774
0.0776565819978714
-0.0471213199198246
0.0529329553246498
0.0085126385092735
0.0619690902531147
-0.0042392238974571
-0.0123456018045545
-0.1503830999135971
-0.0908825471997261
0.0525940172374249
-0.0460895746946335
0.0201640930026770
0.0747551321983337
0.0552850626409054
-0.1643884629011154
0.0847613289952278
-0.0452668815851212
-0.0358146801590919
-0.1403536945581436
-0.0509652867913246
0.0828744843602180
0.0588358566164970
0.0986682102084160
0.0362082086503506
0.0923412442207336
-0.0243987478315830
-0.1681413352489471
-0.0695264786481857
-0.0887241587042809
0.0392299033701420
-0.0091444682329893
-0.0211095772683620
-0.1178851947188377
0.1522434651851654
-0.0316155552864075
0.0585098899900913
0.0099669415503740
0.0177098307758570
-0.1300956457853317
-0.0050591714680195
0.0406375192105770
-0.0908744186162949
-0.0770723968744278
0.0752811878919601
-0.1592609435319901
-0.0781897231936455
-0.0656686276197433
0.0079207830131054
-0.0554671585559845
-0.0531400218605995
0.0944970473647118
-0.0803964138031006
-0.1617282181978226
0.0254630781710148
-0.2868368327617645
0.0452659502625465
-0.2289233654737473
-0.0885569602251053
-0.1572501510381699
0.0214672833681107
-0.0995676666498184
-0.0823247507214546
-0.2170469909906387
-0.1765994876623154
-0.0176180768758059
0.0792604610323906
0.0404755808413029
-0.0121600180864334
0.0274937655776739
0.0668969973921776
-0.0904967114329338
-0.1811857074499130
-0.0673975795507431
-0.2157966643571854
-0.0686124265193939
0.0840849578380585
-0.2270027399063110
0.0982751250267029
0.0275283996015787
-0.0664504021406174
-0.0343772843480110
-0.0970545634627342
-0.2395946681499481
-0.0730801895260811
0.0455093421041965
-0.0289535578340292
-0.0970044657588005
-0.1034211516380310
-0.1933214217424393
-0.0388786159455776
-0.1043118983507156
-0.1553934663534164
-0.1374371200799942
0.0711079090833664
0.0849919766187668
-0.0708362907171249
-0.0162064004689455
-0.1222481727600098
-0.1264286935329437
-0.1021484285593033
-0.0321134142577648
-0.0252480078488588
-0.2107344567775726
-0.0748498961329460
0.0380331911146641
0.0927948355674744
