0.0059680524282157
0.0853767096996307
0.0799197033047676
0.0493038333952427
-0.0255144108086824
0.1184856295585632
0.1005640625953674
-0.1155607402324677
0.0145853878930211
0.0953372791409492
0.1197253093123436
0.0596542023122311
0.0995658412575722
0.0316972658038139
-0.1225912272930145
0.1224868968129158
0.0831248387694359
-0.1731078624725342
-0.0403852835297585
0.0359834656119347
-0.0626004487276077
0.1064222529530525
-0.1214513555169106
-0.1160486117005348
-0.0848397761583328
0.0367713272571564
-0.0839175358414650
-0.0544878393411636
0.0645347461104393
-0.0766034275293350
-0.0761621668934822
0.0485712923109531
-0.0855203270912170
-0.1798333823680878
0.0248765964061022
-0.0996750369668007
0.1063226535916328
-0.1696716398000717
0.0669409036636353
-0.0393880940973759
-0.0368215888738632
-0.0169018413871527
0.0673426389694214
0.0021532550454140
-0.0557979755103588
-0.1012400314211845
-0.0146590545773506
-0.0115135591477156
-0.1149157360196114
-0.1170038431882858
0.0301652085036039
0.0755968913435936
-0.1459667980670929
0.0753505900502205
0.0197089072316885
0.0412422418594360
0.0128698870539665
0.0628270357847214
-0.0013088311534375
0.0230792816728354
-0.1093773692846298
0.0731546729803085
-0.1031317561864853
-0.0618712492287159
0.1190780177712440
-0.0280051548033953
-0.1305309087038040
-0.1085286587476730
-0.2719931602478027
-0.1162476688623428
0.1480279564857483
-0.0028879819437861
0.0629297569394112
-0.1861346811056137
-0.3853688836097717
-0.0056469091214240
-0.1251431852579117
0.0783581361174583
-0.0322980582714081
-0.0557446964085102
0.0345264039933681
-0.0641121268272400
-0.0181599296629429
-0.0887626260519028
-0.1086542904376984
0.0746939405798912
0.0629011839628220
-0.2480674088001251
-0.0604367740452290
0.0323354415595531
-0.0228768009692430
-0.0488664321601391
0.0281362961977720
-0.1133801192045212
-0.1697413325309753
-0.1034963428974152
-0.0322309881448746
0.1600402742624283
-0.0956511050462723
0.0414615347981453
0.0199904646724463
-0.0703702345490456
0.1089977100491524
-0.0965351089835167
-0.1187484785914421
-0.1896879971027374
0.0441648252308369
-0.1624798029661179
-0.1140688881278038
0.0204591136425734
-0.1396109163761139
-0.0641727820038795
-0.0022992072626948
-0.2366659045219421
-0.0706169754266739
0.1105651557445526
0.0946319848299026
0.0331227034330368
0.0287849921733141
-0.0377734676003456
0.0568469874560833
0.0348865762352943
-0.3382392823696136
-0.0323858521878719
0.0130581287667155
0.0953945294022560
-0.2651041448116302
0.0366064980626106
-0.1022150963544846
-0.0689250752329826
0.0526689924299717
-0.0460821613669395
0.1110651865601540
-0.1573939323425293
0.0445371977984905
-0.0591385550796986
-0.0327835008502007
0.0261117182672024
0.0682600438594818
-0.0254134330898523
0.1273037344217300
0.0946597084403038
-0.2277605831623077
0.0273453332483768
-0.0672564432024956
0.0957485139369965
-0.1613274216651917
-0.1275733560323715
-0.1000377982854843
0.0643954798579216
0.0712465271353722
-0.0107712065801024
0.0621048212051392
-0.0268170330673456
-0.0660964399576187
-0.1887381821870804
0.0912463515996933
-0.1539214700460434
-0.1484647095203400
0.0382144935429096
-0.1428030729293823
-0.0051564699970186
-0.0417050421237946
0.0816724151372910
0.0246016066521406
-0.0272403638809919
0.0766651406884193
-0.1016220301389694
0.0788313075900078
0.1596305072307587
0.0198017973452806
0.0129821514710784
-0.1677798330783844
0.0182534959167242
-0.1740664839744568
0.1457455307245255
0.0129273235797882
-0.0490860044956207
0.0213297363370657
0.1060593500733376
-0.0154428230598569
0.1530140042304993
-0.1734627634286880
0.0109217502176762
0.0716688185930252
0.0276607107371092
-0.0374391712248325
0.0003910846135113
0.0919740051031113
-0.1086946651339531
-0.1568105667829514
-0.1211713552474976
0.1763842999935150
-0.1683226674795151
0.1275946497917175
0.0276792403310537
0.1179751008749008
0.0280461199581623
-0.0509461537003517
-0.0590147003531456
-0.0728603452444077
0.1857870370149612
-0.1982648372650146
0.0211024302989244
-0.0402157716453075
-0.0981539338827133
0.0133912488818169
0.0264846123754978
-0.0258948318660259
0.0457687675952911
-0.0756112709641457
-0.0274594463407993
-0.1279105097055435
-0.0657941177487373
-0.0867958366870880
0.0415152870118618
0.0933163017034531
-0.1303291469812393
0.0267123989760876
0.0393290631473064
-0.0650446638464928
0.1037995889782906
0.0648641884326935
0.0463624969124794
-0.0407987497746944
-0.0636948123574257
0.1373160332441330
-0.1067253500223160
0.0889699906110764
-0.2587230503559113
-0.0543399043381214
-0.1606482863426208
-0.0822892338037491
0.0952657535672188
0.0010483146179467
-0.0825114324688911
0.0276178382337093
-0.1872240602970123
0.1594962775707245
-0.1083387807011604
0.0508585162460804
0.0479808971285820
-0.2090207487344742
-0.0293347407132387
0.0833345800638199
-0.1083606854081154
-0.0126686245203018
-0.0916961655020714
0.0516938567161560
-0.0276193283498287
-0.0302442647516727
-0.0532297566533089
-0.1279244869947433
-0.0920364931225777
0.0607911646366119
-0.0803626254200935
-0.1130910739302635
0.0856749862432480
-0.0660964474081993
-0.0748614519834518
-0.0677519068121910
-0.0233154818415642
0.1429745256900787
-0.1024515628814697
0.1316869407892227
0.0604786798357964
-0.0041476511396468
0.0312919057905674
-0.0918718501925468
-0.1671694964170456
0.1046049147844315
0.1197806149721146
0.0719042643904686
-0.0113786710426211
-0.0729496181011200
0.1080932468175888
0.0574049577116966
-0.0068499366752803
0.0615467540919781
-0.0978358611464500
0.1001044213771820
0.0647327378392220
-0.2100322246551514
0.0256171524524689
0.0461432933807373
-0.1281235367059708
-0.1179124191403389
-0.0933163985610008
-0.1316787451505661
0.0305751115083694
0.0852392688393593
-0.0381266325712204
0.1062883585691452
-0.0073505844920874
-0.1383736580610275
0.0171684008091688
0.0791240930557251
0.0410175397992134
-0.0504005104303360
0.0070677530020475
-0.1643558591604233
0.0449045114219189
0.1212184801697731
-0.0016968469135463
0.0278519056737423
0.0222191940993071
-0.0489352606236935
0.1077558249235153
-0.0647909939289093
0.0279584657400846
-0.0215268265455961
-0.0811697468161583
-0.0272108595818281
-0.0275709368288517
0.0502791665494442
-0.1652680784463882
0.1104642674326897
-0.1223686635494232
-0.0084765302017331
0.0052467472851276
-0.0470028892159462
-0.0212841555476189
-0.0868130177259445
0.1091666668653488
-0.2041814476251602
-0.2185855656862259
0.1464401781558990
-0.1263812035322189
0.1427248865365982
-0.0550199002027512
-0.1566152870655060
0.0979347676038742
0.1772794127464294
0.0398450568318367
0.0063470290042460
-0.1525899022817612
-0.0824036076664925
0.1077087894082069
0.0266193579882383
0.0216992180794477
-0.0707594454288483
0.0000605888781138
0.0247127618640661
-0.0274584721773863
-0.0290810503065586
-0.0449760109186172
0.0530347488820553
-0.0482550039887428
-0.0557594150304794
0.0608099848031998
-0.2692434787750244
-0.1830160021781921
-0.1042246147990227
-0.0831450521945953
-0.0013356360141188
0.0681039988994598
-0.1560147702693939
-0.0512730814516544
0.0702244862914085
-0.2120696604251862
-0.0685794800519943
0.0976696759462357
0.1432043612003326
-0.1254073530435562
0.0293319150805473
0.0225600078701973
-0.2646183371543884
-0.0208761990070343
0.0979020670056343
-0.0196206308901310
-0.0978273302316666
-0.0594610162079334
-0.0315551199018955
0.0739293321967125
-0.0033556008711457
0.0747135281562805
0.0479013286530972
0.0228375717997551
-0.0279324054718018
0.0374436862766743
-0.1072967350482941
-0.0023297511506826
-0.1479332745075226
0.0192602444440126
-0.0532091893255711
-0.0491913668811321
0.1322364360094070
-0.1396137326955795
-0.1400419473648071
0.0078356871381402
-0.0316253192722797
-0.0865299031138420
-0.0469079874455929
-0.0815388858318329
0.0125233950093389
-0.1746172606945038
-0.0910565406084061
0.0937697440385818
-0.1928097605705261
0.0311674419790506
0.0265881828963757
-0.0021085676271468
-0.0200021211057901
-0.0862908512353897
-0.0864726528525352
-0.0047724088653922
-0.0691290721297264
-0.0343519076704979
0.0719502195715904
-0.0524494126439095
-0.0732682421803474
-0.1457391977310181
0.1394117325544357
0.0830223187804222
-0.1498268097639084
-0.0187350343912840
0.0246257092803717
-0.0895984321832657
-0.1517861336469650
-0.0512553378939629
-0.1040230169892311
-0.0336478278040886
-0.1200929060578346
-0.2823863625526428
-0.2227948457002640
-0.0167353879660368
0.0082725426182151
-0.0110000539571047
-0.1441589444875717
0.0419082790613174
-0.1009655296802521
-0.0067983120679855
-0.1118716299533844
0.1141050383448601
-0.0866716355085373
-0.0775845572352409
0.0110946306958795
-0.1097137182950974
0.0995141118764877
0.0992938578128815
-0.0985636487603188
0.0703416019678116
0.0238569527864456
-0.0779083445668221
-0.0196064300835133
-0.1785939782857895
-0.0744574740529060
-0.1012731641530991
0.0243265833705664
0.0243610385805368
-0.0715863928198814
-0.0138442004099488
-0.1283154189586639
0.1267879158258438
-0.0301604848355055
-0.2946124374866486
-0.2007425725460052
0.2575064599514008
-0.1652324646711349
-0.1269453167915344
0.0539354868233204
-0.1030255034565926
-0.0427454002201557
0.1199990510940552
-0.1712327003479004
0.0462198555469513
0.0553442910313606
0.1133738085627556
-0.0983337238430977
-0.0347450114786625
-0.0416615642607212
-0.0649958699941635
0.0795329958200455
-0.1025537624955177
0.0502437017858028
0.0070242770016193
0.0864647775888443
-0.1050106361508369
-0.1141504272818565
0.0989512726664543
-0.0453334785997868
0.0475678965449333
0.0026815449818969
-0.0835152417421341
0.1038471013307571
-0.1090066954493523
-0.1546887606382370
-0.1229943260550499
-0.0215493235737085
0.0157837569713593
-0.0636061728000641
-0.1835192441940308
-0.1124358326196671
-0.0903949737548828
0.1559428423643112
-0.0025706936139613
-0.0970043689012527
0.0499451458454132
0.0858128145337105
-0.1098662167787552
-0.0563113875687122
-0.0846582204103470
-0.0781940445303917
0.0061959903687239
0.0873959437012672
0.0572007708251476
0.0480509288609028
-0.0088979629799724
-0.0777582451701164
-0.0590186901390553
0.0142200104892254
0.0477635227143764
0.0498307086527348
-0.0942268148064613
-0.0060507254675031
0.0795754790306091
0.0431183315813541
-0.0340783707797527
-0.1217965781688690
-0.0234766937792301
-0.0756096988916397
0.0399983637034893
0.0740513578057289
0.0972879752516747
-0.1367216855287552
0.0033485163003206
0.0177631638944149
0.0737720504403114
-0.0982965528964996
-0.0021552643738687
-0.0744189843535423
0.0178277306258678
0.0788638889789581
-0.0076679852791131
-0.0620382763445377
-0.0330438911914825
0.0696949288249016
-0.0425827801227570
-0.0112903956323862
0.0760343372821808
0.0256177838891745
0.0287892613559961
-0.0383776687085629
0.0269672498106956
-0.1747553795576096
-0.0613516531884670
-0.1098096743226051
-0.0053459224291146
0.1004583835601807
-0.0523290149867535
-0.0582496263086796
0.0320920348167419
0.0833836495876312
-0.0312844254076481
0.0827947333455086
0.0450407750904560
-0.1336977481842041
0.1800816804170609
0.0290796905755997
0.0678816959261894
0.1583841443061829
0.0527286008000374
-0.0327427424490452
0.0231661200523376
-0.0053151142783463
0.0208527147769928
0.0856591388583183
-0.0358062535524368
-0.0686627626419067
-0.1130979210138321
-0.0870899334549904
-0.0063879792578518
0.0146560268476605
0.0434160754084587
-0.1656030714511871
-0.2343484610319138
-0.0557636655867100
-0.0106413457542658
0.0365204401314259
-0.0287445466965437
-0.1857910007238388
-0.1476564258337021
0.0826974511146545
0.0000892343086889
0.1509733796119690
-0.1569323092699051
-0.1220550909638405
0.0017294633435085
0.0244800467044115
0.2126722186803818
0.1114979311823845
0.0198353994637728
0.0195925422012806
0.0001125420385506
0.0831331312656403
0.0648015812039375
-0.0485674515366554
-0.0388301014900208
-0.0367805808782578
0.0151545181870461
-0.1872475594282150
0.0221335776150227
0.0283824168145657
0.0624341517686844
0.0899788960814476
-0.1912533342838287
-0.1355708390474319
-0.1184523403644562
0.0579327754676342
0.0822027996182442
0.0039165294729173
-0.0787613317370415
-0.0036615137942135
-0.1819487661123276
-0.0783975645899773
-0.0174296200275421
-0.0984741225838661
-0.0724376738071442
-0.0791083723306656
-0.0439472608268261
-0.1070803478360176
-0.1837308853864670
-0.0871888548135757
-0.0855694487690926
0.0466835796833038
-0.0506837628781796
-0.1459946781396866
0.0576661564409733
0.0033259473275393
0.0688962712883949
-0.1720315814018250
0.1260674446821213
-0.0999485775828362
0.0584239996969700
0.0878141522407532
0.0821464806795120
0.0398075841367245
-0.0396916866302490
0.0724971294403076
0.0357784293591976
-0.1145596951246262
-0.0230793077498674
-0.1374512761831284
-0.1129149049520493
-0.0888235718011856
-0.0529722608625889
-0.0398003607988358
-0.1150540187954903
-0.1403124779462814
-0.0276175923645496
0.0069411648437381
-0.2347382754087448
0.0492525063455105
0.0065825581550598
-0.1229997798800468
0.0100645888596773
-0.0850814059376717
0.1023918315768242
-0.1544447541236877
-0.1301594674587250
-0.0469599440693855
0.0177780445665121
-0.1584673970937729
0.1135221943259239
0.0069789253175259
0.0268682725727558
0.2330539971590042
-0.0221637189388275
-0.0163578335195780
-0.0980464667081833
-0.0112855276092887
-0.0909783840179443
0.0231495127081871
0.0768406614661217
-0.0444066077470779
-0.1021455004811287
-0.1834188699722290
0.0750295445322990
0.0692679584026337
-0.0724804401397705
-0.0711229890584946
-0.1395577192306519
0.0263432692736387
-0.0950226411223412
-0.1307135969400406
0.1282770037651062
-0.1509633660316467
-0.0222892463207245
0.0885969474911690
-0.0178257394582033
0.0019961530342698
0.1133578941226006
0.0849132463335991
-0.0002872295444831
-0.0369369611144066
-0.0745461136102676
-0.0203892644494772
0.0166255552321672
0.0366055443882942
0.0873173549771309
0.0776991471648216
-0.1016779989004135
0.1281394660472870
0.0291396453976631
0.1068485826253891
-0.1251347512006760
0.0656206309795380
0.0911678969860077
0.0383590646088123
-0.0227395147085190
0.0409554056823254
-0.0672852471470833
-0.0558252446353436
0.0123549234122038
0.0951659604907036
-0.1149866878986359
0.2468636780977249
-0.1251100152730942
0.0419386699795723
-0.1005977094173431
-0.1171787977218628
0.0660125911235809
0.0341625660657883
0.0697834491729736
-0.1219177171587944
0.0828873217105865
-0.1150778457522392
0.1175209209322929
0.0515712387859821
0.0523041635751724
-0.0658975243568420
-0.1282706260681152
0.0151664558798075
0.1633836328983307
0.0517890490591526
-0.0231251586228609
-0.0332254990935326
0.0982521101832390
0.0881263241171837
-0.1515092104673386
0.0367532595992088
-0.0169596783816814
-0.0460927598178387
0.0004711315268651
0.0589891672134399
0.0092867156490684
0.1806038171052933
0.0917902141809464
-0.0301561988890171
0.1239687651395798
-0.0339460670948029
-0.1465132981538773
-0.1335117965936661
-0.1233540326356888
0.0199482142925262
-0.1969933211803436
-0.0453839041292667
0.0588969029486179
0.0335841178894043
-0.1045161709189415
-0.1040694341063499
0.0030784399714321
0.0146222012117505
0.0746335834264755
-0.0445203259587288
0.0335930027067661
-0.1158597543835640
0.0332241430878639
-0.0448514372110367
-0.0343597643077374
-0.0516435168683529
-0.0106012104079127
0.0692588984966278
-0.0622876733541489
-0.0852366536855698
0.0161470845341682
-0.0360592082142830
-0.0161819122731686
0.0896861329674721
-0.0119641330093145
0.0887604281306267
0.0022193212062120
-0.1420554071664810
-0.0072170631028712
-0.0111349765211344
-0.1149900108575821
-0.0671521946787834
-0.0820449069142342
-0.0466767102479935
-0.1483711898326874
-0.1467266976833344
0.0495750419795513
-0.0613231845200062
-0.1239392831921577
-0.0386280678212643
-0.0110229868441820
-0.0685047358274460
-0.1432094126939774
0.0510360710322857
0.0510144457221031
0.0936992391943932
0.0658356323838234
0.1184717565774918
0.0861311703920364
0.0773121416568756
-0.0915530622005463
-0.1263194680213928
0.0526417382061481
0.1249861866235733
-0.0999480709433556
-0.0667444318532944
-0.1667525023221970
-0.0964658260345459
0.0308317672461271
0.0623321719467640
-0.2630967199802399
0.0045747384428978
-0.1704407930374146
-0.0363325998187065
0.0058814450167120
-0.1962543874979019
-0.0588624700903893
-0.1890694200992584
0.0781296864151955
-0.0305974446237087
-0.0911584421992302
0.0680268630385399
-0.1870280206203461
0.1061882525682449
-0.0348286032676697
-0.1003155708312988
0.1349660754203796
0.0553775988519192
-0.0926405340433121
0.0293911788612604
-0.2916910648345947
-0.2170746326446533
-0.3666819334030151
-0.0031026150099933
-0.0351992212235928
-0.0531541407108307
-0.0771975889801979
0.0095647750422359
-0.0497456267476082
-0.2825795114040375
0.0048930994234979
0.1160370334982872
-0.0725406035780907
-0.1412506848573685
0.0820847749710083
-0.2105249166488647
-0.0219334904104471
-0.0570919811725616
0.0769320428371429
-0.0409160666167736
-0.0699042901396751
0.0470785759389400
0.0535291135311127
-0.0277140811085701
0.1845015585422516
-0.0892101526260376
-0.0489641316235065
-0.2241704314947128
0.0017774846637622
0.1554185450077057
-0.0219367295503616
-0.1701340526342392
0.0325030125677586
0.0092370184138417
0.0263613481074572
0.0552162155508995
0.0188558865338564
-0.0388747975230217
0.1850795000791550
0.0622219331562519
-0.0588941313326359
0.1788767725229263
-0.0128478622063994
0.0017351343994960
-0.1250271350145340
0.1002926006913185
-0.0308701358735561
-0.0112724490463734
-0.0526703074574471
-0.0564478933811188
-0.1481232345104218
-0.1022367849946022
-0.0502713024616241
-0.0470960736274719
-0.1610713601112366
-0.0625863298773766
-0.0668211951851845
-0.0092918435111642
0.0876041129231453
0.0675042495131493
-0.0890362337231636
0.0201727319508791
-0.0381439179182053
-0.0849584266543388
-0.1058713048696518
0.0572731681168079
-0.0044175577349961
-0.0111553044989705
-0.0803479179739952
0.0139783341437578
0.0886552706360817
-0.1139383688569069
0.0467403084039688
0.1699703484773636
0.0863018557429314
-0.0217835120856762
0.0704769864678383
0.0500062517821789
-0.2110480070114136
-0.1343959271907806
0.0035146484151483
-0.0288389697670937
0.0802447944879532
-0.0784434974193573
-0.0314643010497093
0.0807711780071259
0.0292558521032333
0.0083345863968134
0.0455549657344818
-0.0570401549339294
0.0854007527232170
-0.0588765926659107
-0.0241193268448114
-0.1476860344409943
0.1685048192739487
-0.1772537678480148
-0.0545771941542625
-0.0483639463782310
-0.0218322463333607
-0.0565565638244152
-0.1531167030334473
0.0344491675496101
-0.0331851206719875
0.0064908186905086
-0.0859742760658264
-0.0915363952517509
-0.0929429382085800
0.0446569956839085
0.1547703891992569
-0.0504649318754673
-0.1777407377958298
-0.0809467136859894
-0.0694258511066437
-0.1251823008060455
-0.0499646626412868
0.0344434529542923
0.0522784404456615
-0.0593646392226219
-0.0851840972900391
-0.1394991129636765
-0.1545871347188950
0.0935279056429863
-0.0545674711465836
-0.0506946966052055
-0.0234958715736866
0.0282286759465933
0.1356492042541504
0.1637050211429596
-0.0116328094154596
-0.0532650053501129
0.0122246006503701
-0.1402644515037537
-0.1612778156995773
-0.0499238185584545
-0.0008529270999134
0.1000645905733109
-0.0033410410396755
-0.0023484425619245
0.0611511096358299
0.2884351611137390
-0.0935791805386543
0.0942025408148766
-0.0016650394536555
-0.0594696439802647
-0.0372353568673134
0.0855226591229439
0.0259627476334572
-0.0645204856991768
-0.0122606186196208
0.0476812385022640
-0.0015385372098535
0.0150422118604183
-0.0422121733427048
-0.1562402546405792
0.1135400235652924
-0.0257261265069246
0.0882098227739334
0.0437917076051235
0.0327065400779247
-0.0952573195099831
0.0658094733953476
-0.0145928030833602
-0.1910054832696915
-0.2251030802726746
-0.1688079535961151
0.0690953508019447
-0.0543353930115700
0.0783004909753799
0.0290168803185225
-0.0260985512286425
0.0142832538112998
0.0244796890765429
-0.2070437818765640
-0.0671766549348831
0.0236360505223274
-0.0143115120008588
-0.0674653574824333
-0.0173266790807247
0.0842686295509338
-0.0467098839581013
-0.0498277693986893
-0.0411880165338516
-0.0724949091672897
-0.0235239267349243
0.0717330351471901
-0.0693475902080536
0.0134988427162170
0.1589130014181137
-0.2257270961999893
0.0497572049498558
-0.0148591026663780
0.0344297513365746
0.0222333781421185
-0.0626406446099281
-0.0803170055150986
-0.2556418180465698
0.0397983379662037
-0.1207540556788445
0.0556130073964596
0.0045621185563505
0.0477344989776611
0.0403156839311123
0.0489407442510128
0.1148651018738747
0.0433234013617039
-0.0558205507695675
-0.1126902326941490
-0.1705663651227951
-0.0119443163275719
0.0218041278421879
0.0892678126692772
-0.0476643107831478
-0.0690834596753120
0.0830268412828445
-0.0995679348707199
0.0054958215914667
-0.0618563070893288
0.0569403618574142
0.0496446900069714
0.0496925041079521
0.0295024402439594
-0.0259219259023666
-0.0892966687679291
-0.0347488410770893
-0.1351073533296585
0.0134472046047449
-0.1451798081398010
0.0598962120711803
-0.0204696450382471
0.1038683950901031
0.0359815508127213
-0.2695714831352234
0.0065301782451570
0.0261918939650059
-0.0936203822493553
0.0227445550262928
-0.0661353766918182
0.0620181858539581
-0.0646080449223518
0.0903676226735115
-0.1380858719348907
0.1222563907504082
0.1620170027017593
-0.0414557456970215
0.0409729033708572
0.0154331792145967
-0.0242638681083918
0.0418553762137890
-0.0947501584887505
-0.1091809198260307
-0.1347236931324005
-0.0465487390756607
-0.0587398484349251
-0.1546603739261627
-0.0081615559756756
-0.0119752502068877
-0.1044802367687225
-0.3235025703907013
-0.2147587835788727
0.1822904795408249
-0.1262039989233017
-0.0058001065626740
-0.0529607310891151
0.0330208428204060
0.0527756549417973
-0.0663399398326874
-0.0628032386302948
0.0839304625988007
0.0819362178444862
-0.1289988458156586
0.0390881374478340
-0.0014328169636428
-0.0209504198282957
0.0770796164870262
0.0703901052474976
-0.1027955189347267
-0.0349159538745880
0.0345971062779427
0.0561158359050751
0.1202416941523552
0.0411832854151726
-0.1096934229135513
0.1176926568150520
-0.0474551916122437
-0.1310147196054459
0.0789963826537132
-0.0143125569447875
0.1047505810856819
0.0364599637687206
-0.0957475155591965
-0.0508639849722385
0.1015057414770126
-0.1538248062133789
-0.0125816920772195
-0.0530009046196938
0.0389690361917019
-0.2321576178073883
-0.0685541108250618
-0.1126856952905655
-0.0601718313992023
0.0663608536124229
-0.0731427073478699
-0.0471730753779411
-0.1935047954320908
0.0303779263049364
0.0526270493865013
-0.0649081692099571
0.0433486811816692
-0.0594691485166550
-0.0585474185645580
-0.0155851216986775
-0.0144840348511934
-0.0396978966891766
0.0342523455619812
0.0726093351840973
0.0116238575428724
0.0278363674879074
0.0539729073643684
-0.0444872118532658
-0.1872907280921936
0.0500018037855625
0.0485564582049847
-0.0425100438296795
0.0295207314193249
0.0638503953814507
0.1281419545412064
0.0613203346729279
0.0263327378779650
-0.0828581079840660
-0.0653827637434006
-0.0291543547064066
0.0733130052685738
0.0518203862011433
-0.0837761908769608
0.0356180965900421
0.0581973157823086
0.1179757490754128
-0.0337320305407047
-0.1534899175167084
0.1294612139463425
0.0132068553939462
-0.0838461443781853
0.0567494891583920
-0.0786749348044395
-0.1336929351091385
-0.1022740453481674
-0.1802771985530853
-0.1007212251424789
0.0219753999263048
-0.0535944737493992
0.1220582127571106
0.0059567573480308
0.0070997681468725
-0.0280264914035797
0.0180040653795004
0.0911722183227539
0.0566091351211071
0.0569185651838779
0.0141805671155453
0.0588007345795631
0.0110807046294212
0.0658623725175858
0.0284986943006516
-0.0329670906066895
0.0044698663987219
0.1019995287060738
0.0367745496332645
-0.1483822464942932
0.1210810914635658
-0.0712927579879761
0.0490100122988224
-0.1602276712656021
0.0197593010962009
-0.0724937170743942
-0.0409893169999123
-0.1905403733253479
0.1545224934816360
-0.0568103455007076
-0.0629323571920395
0.0316536650061607
-0.0680252388119698
0.1103201061487198
-0.0374610051512718
-0.1120618060231209
-0.1079750433564186
-0.2590316236019135
-0.0931041240692139
0.0381331145763397
0.2110324800014496
-0.0718257948756218
-0.0229192990809679
0.1777730435132980
0.2030353397130966
0.0053610107861459
-0.0483349338173866
0.2437782883644104
-0.2398796230554581
-0.1298627257347107
-0.1463019549846649
-0.0924142003059387
0.0105722406879067
-0.0717804953455925
0.0643371120095253
0.0832982510328293
-0.1512745171785355
0.0412768423557281
0.0951969102025032
-0.2545908987522125
-0.1232389584183693
-0.1319307982921600
-0.0805217996239662
0.0449165068566799
-0.1470840871334076
-0.0402816161513329
-0.0840358808636665
0.1332660317420959
-0.1922655552625656
0.0858217701315880
-0.2604612112045288
-0.0534858480095863
0.0472323596477509
0.1620945036411285
0.1772010922431946
0.1063249632716179
0.0046194228343666
-0.0020557329989970
-0.0483776777982712
0.0796129852533340
-0.1732822060585022
-0.0992446765303612
-0.1011801511049271
0.0282846279442310
0.0143610658124089
0.0561841391026974
-0.1506486088037491
-0.0017638631397858
-0.0363854132592678
0.0049250018782914
-0.0023182081058621
-0.2283103913068771
-0.1025367900729179
-0.0382254794239998
-0.1386665701866150
-0.0989056378602982
-0.1746100634336472
0.0202223155647516
0.0337297581136227
-0.1222794353961945
-0.0725353211164474
0.0908059850335121
-0.0643042623996735
-0.1025841906666756
0.0406208597123623
0.1244565770030022
-0.1206736490130424
0.0266914293169975
-0.0270793307572603
0.0709918662905693
-0.1148521229624748
0.2521277666091919
-0.0634790584445000
0.0326635800302029
0.0817567557096481
0.0607781112194061
-0.1349561959505081
0.0458424016833305
0.0348153561353683
-0.1291853189468384
0.1276521086692810
0.0005139466957189
-0.1354586929082870
-0.0820041224360466
-0.0019363097380847
0.0142667377367616
0.0072952900081873
-0.0195953529328108
0.0168680399656296
-0.0915597900748253
-0.0961049050092697
0.1232169270515442
0.0169578250497580
0.0471880435943604
-0.0129251116886735
-0.1001164391636848
-0.1437935829162598
0.1624199301004410
0.0545443780720234
0.0021853272337466
-0.2189308106899261
0.0548909455537796
-0.0475508831441402
0.0823003351688385
-0.0435130745172501
-0.0201060734689236
0.0700788423418999
0.0618579201400280
-0.1438819169998169
0.1236816123127937
-0.0066608204506338
0.0573242567479610
0.1640049219131470
-0.1054037585854530
-0.1255701035261154
-0.1470502465963364
0.1102992594242096
0.0163121316581964
-0.1056572198867798
-0.0932828038930893
-0.2079081684350967
-0.0092045115306973
0.1045409217476845
0.0218429211527109
-0.1095921248197556
-0.0310574416071177
-0.1054365932941437
0.0929533913731575
-0.1465706676244736
0.0499402470886707
0.1117519512772560
0.1117233410477638
-0.1451551020145416
0.1426320970058441
-0.0169985424727201
-0.0103857656940818
-0.1973334401845932
-0.1472603678703308
0.0336689688265324
-0.0270835012197495
-0.0207464452832937
-0.1224984005093575
-0.0086347265169024
-0.0261041782796383
0.0214023888111115
0.0714419931173325
-0.0138759659603238
-0.0253750029951334
-0.0228399615734816
0.0739815160632133
0.0839054659008980
-0.1316455453634262
-0.0152754131704569
-0.0639214217662811
0.0318026691675186
-0.1439095586538315
-0.1669884771108627
0.0494628697633743
-0.0503393672406673
-0.0160703938454390
-0.0262114554643631
-0.1510103940963745
0.1290360838174820
-0.2055464386940002
-0.0021247516851872
-0.0365024954080582
0.1216291189193726
-0.0526906363666058
-0.1849019825458527
-0.1060352921485901
-0.0400881320238113
-0.1444735080003738
-0.0110507551580667
-0.0174087435007095
0.0232795961201191
-0.0371487997472286
-0.1737250387668610
-0.0141198616474867
-0.0129458950832486
0.0292487014085054
0.0351457484066486
-0.0214998684823513
-0.0293509308248758
-0.0233606304973364
0.1205206811428070
-0.0432749390602112
-0.1436928510665894
-0.1222724318504333
0.0180516298860312
-0.0685496106743813
-0.0586182065308094
0.0206620991230011
-0.0531183406710625
0.0220814011991024
0.0201621875166893
-0.0813241302967072
0.0644260123372078
0.0110377278178930
0.0739554017782211
0.0839824154973030
-0.1037492826581001
-0.0902337804436684
-0.1030059456825256
-0.0371490493416786
0.0438989289104939
-0.0044364258646965
-0.0821731090545654
-0.0392244420945644
-0.0450508147478104
0.1609549075365067
0.0524595156311989
0.1015425622463226
-0.0999930277466774
0.0396896824240685
-0.0985744073987007
0.1300523728132248
0.0358892939984798
-0.0983541831374168
0.1301987022161484
-0.1210789754986763
-0.1925611197948456
-0.0969128906726837
-0.0453467220067978
0.0621531903743744
0.0476064570248127
-0.0482169948518276
-0.0461989268660545
0.0021268143318594
0.0944838523864746
-0.1051253974437714
0.0110685005784035
-0.0015631987480447
-0.1049496680498123
-0.0448850654065609
0.0971397981047630
0.0475649982690811
-0.0234380550682545
-0.0300200060009956
0.0554079562425613
0.0477557927370071
0.0938636660575867
-0.0693056657910347
-0.1959754228591919
-0.0362798012793064
-0.1171773821115494
-0.1221801638603210
-0.0484941378235817
0.0671027228236198
-0.0083449538797140
0.0544329732656479
0.0159294791519642
-0.1130136251449585
0.1291211247444153
0.1379319280385971
-0.3531284332275391
-0.2658105492591858
-0.1341854780912399
-0.1049872562289238
0.0697668045759201
0.1611267328262329
0.0057197487913072
0.0314958430826664
-0.1196180433034897
0.0332977734506130
-0.1156689897179604
-0.1024724915623665
-0.1031812801957130
0.0811571478843689
-0.1193378195166588
-0.0667417645454407
-0.0410867892205715
0.0704395920038223
-0.0184438284486532
-0.0509270317852497
0.1447813510894775
-0.0265788510441780
0.0326194763183594
-0.1447923779487610
-0.0658729374408722
0.0516540817916393
0.0176815725862980
0.0360038541257381
-0.0866322815418243
-0.0300379171967506
-0.1933431476354599
0.0146980024874210
-0.1021081730723381
0.0845038294792175
-0.0027140399906784
-0.0325339473783970
-0.0313738100230694
-0.0715074017643929
-0.2175235301256180
-0.1391581743955612
-0.2246147990226746
0.0656526461243629
-0.0173145495355129
0.0417261756956577
-0.1206280440092087
-0.0601676553487778
0.0478481315076351
-0.1298959702253342
-0.0945594608783722
-0.0764635950326920
-0.1705090254545212
-0.0295353978872299
-0.0456722527742386
-0.0962003692984581
-0.1201198101043701
-0.1124654710292816
-0.1401474773883820
-0.1230971366167068
-0.1104237437248230
0.1811652928590775
-0.1133674681186676
0.0237166751176119
-0.0062707182951272
0.1763930469751358
-0.1009569093585014
-0.0973513573408127
-0.0915928632020950
-0.0169151872396469
-0.1220671087503433
0.1413512825965881
0.1317256093025208
-0.1510506570339203
-0.0704806149005890
0.1362992227077484
-0.0367426276206970
-0.0177546292543411
0.0589193217456341
-0.0125319613143802
-0.1195262223482132
0.0566552951931953
-0.0013684325385839
0.1138155981898308
0.0329892933368683
0.0036887531168759
-0.0405951030552387
0.0790135115385056
0.0267650205641985
0.0870947465300560
-0.0569822899997234
-0.1931332498788834
-0.1038070693612099
-0.0240239631384611
-0.1361451596021652
-0.0422818362712860
-0.1993658691644669
0.1389192193746567
0.0346131585538387
-0.2623799741268158
-0.1209348663687706
-0.1006574928760529
-0.1364824622869492
0.0093749100342393
-0.0062993187457323
-0.1395062804222107
-0.0466492176055908
0.1403774470090866
-0.0479370057582855
-0.1223890408873558
0.0217881742864847
0.0808956399559975
0.0401583313941956
0.0828362852334976
-0.0755343213677406
-0.1197016015648842
-0.0592939183115959
0.0860406532883644
0.0499887242913246
0.0034844896290451
-0.0220760460942984
0.0425468347966671
0.0492407046258450
-0.0882098972797394
0.0623006485402584
-0.0527271255850792
-0.1108846664428711
0.1935334950685501
0.0650382712483406
-0.2640831172466278
0.0690079033374786
-0.1133647412061691
-0.0493747480213642
-0.0904552713036537
0.1159611940383911
-0.0149741815403104
0.1470869928598404
-0.3113424181938171
0.0612180233001709
0.0216069202870131
-0.0521953850984573
-0.1563516408205032
-0.0556074380874634
0.0974976122379303
0.1474046260118484
-0.0738990381360054
0.0409289151430130
0.0408121831715107
-0.0080718947574496
-0.1011574715375900
-0.0242636725306511
0.0665840506553650
0.0361061058938503
-0.0883703008294106
-0.1477769613265991
-0.1360399425029755
0.0223753340542316
0.0343650206923485
-0.0250234957784414
-0.0684610605239868
0.0244005881249905
0.0091609247028828
0.0608531869947910
-0.0154843116179109
0.0371658205986023
0.0239380840212107
-0.0236657373607159
-0.1698769629001617
0.1239372193813324
-0.1109648793935776
0.0749398618936539
-0.0874731689691544
-0.0770630612969398
0.0195955336093903
-0.0231673382222652
0.0612913891673088
-0.1905512213706970
-0.1463988125324249
-0.0368354432284832
0.1562651693820953
-0.1359976828098297
-0.0377762429416180
-0.1324479877948761
0.0240976680070162
0.0058202673681080
-0.1391271501779556
0.0564567707479000
-0.0764795839786530
0.0389347374439240
0.0724972039461136
0.0597407482564449
-0.0664512068033218
-0.0650843754410744
0.0591591596603394
-0.0083759641274810
0.1917659491300583
-0.0015304798725992
0.1468873023986816
-0.1022176742553711
0.0381432175636292
0.0108593758195639
-0.0713269412517548
-0.0067054415121675
-0.1049024164676666
0.0605578497052193
-0.0276918858289719
-0.0675793290138245
-0.0457338318228722
0.0680889487266541
-0.1114397868514061
0.1425219327211380
-0.0888184383511543
-0.0021853481885046
0.0602949298918247
-0.1347142308950424
-0.0053491285070777
0.0781638845801353
-0.0395449213683605
-0.0386230200529099
-0.0214698743075132
-0.1316423118114471
-0.0339380204677582
-0.0717603489756584
-0.0251257177442312
0.0301285646855831
-0.1414558738470078
0.0877834558486938
-0.0358417332172394
-0.0590588636696339
0.0945108458399773
0.1159163713455200
0.0300857760012150
0.0595085658133030
0.0566265806555748
-0.1336612254381180
0.0876052305102348
-0.0541282445192337
-0.0511429607868195
-0.0935355648398399
-0.1006099805235863
-0.0923468545079231
-0.0453476607799530
-0.1347176879644394
-0.0932457670569420
0.0636791884899139
-0.0958730503916740
-0.1358804404735565
-0.0128012979403138
0.0342121124267578
-0.0701598227024078
0.0142371766269207
-0.1157742738723755
-0.0310100018978119
-0.0753279700875282
0.0588258802890778
0.1233213692903519
-0.0488930307328701
-0.0325399711728096
-0.1137865707278252
-0.1140509769320488
-0.1461725831031799
0.0555388480424881
-0.0763620361685753
0.1521620750427246
-0.0715740621089935
0.0707101970911026
0.0459592230618000
0.3126837909221649
0.0263782888650894
0.0623713247478008
-0.0950699374079704
0.0300091374665499
-0.0868047624826431
-0.0621669813990593
0.0341154076159000
-0.0337581560015678
-0.0596252791583538
-0.1753052026033401
-0.1230468377470970
-0.0135757140815258
0.0781008228659630
-0.1644405424594879
0.0849787667393684
0.0827081054449081
-0.1704830229282379
0.1143804863095284
0.0404727384448051
-0.0254993662238121
-0.0956245213747025
-0.0891575813293457
0.0237286984920502
-0.1971580088138580
0.0293458756059408
-0.2045284658670425
0.0385252460837364
0.1506673246622086
-0.0920813903212547
-0.0508123710751534
0.0031225732527673
0.2209212183952332
-0.1900289505720139
0.1046836227178574
-0.0066822553053498
0.1473679393529892
0.1267233490943909
0.0879365205764771
-0.0050164824351668
-0.2510233819484711
0.0374114140868187
-0.0549447983503342
-0.0195217076689005
-0.0164411794394255
0.0817674174904823
0.0177689306437969
-0.0329365991055965
0.0842515975236893
-0.0375085510313511
-0.0348584167659283
-0.0394818559288979
0.0408685691654682
-0.0615931563079357
-0.0662324428558350
0.0882896482944489
-0.1239866390824318
0.0311604645103216
-0.0061691841110587
-0.0837970301508904
0.0423325821757317
0.0140699269250035
0.0471793264150620
-0.0091491406783462
0.0490099750459194
0.0788515061140060
-0.0493016652762890
-0.0712235569953918
0.0469954162836075
-0.1427506059408188
-0.0371762290596962
0.0423863232135773
-0.0999016985297203
-0.0620343908667564
0.0093029821291566
-0.0495413616299629
0.0847428515553474
0.0084586078301072
0.1199205741286278
0.0210470128804445
0.0448148325085640
0.0420439280569553
0.1311451345682144
-0.1669395864009857
-0.0304419174790382
-0.0128926513716578
-0.1232587918639183
-0.1515008360147476
-0.0858518034219742
0.0123262479901314
-0.0010455187875777
-0.0377402938902378
0.1177444010972977
0.0032725094351918
-0.1228497102856636
0.0904298648238182
0.0308712963014841
-0.0720847621560097
-0.0100445654243231
-0.2069594264030457
-0.0129635529592633
-0.0316193550825119
-0.0819141417741776
-0.1053154841065407
-0.1590621769428253
0.0130442138761282
-0.0713173523545265
-0.0743987038731575
0.0309980809688568
-0.0030806225258857
-0.0500826388597488
-0.0751872211694717
0.0108921332284808
0.0718500167131424
-0.0764850080013275
-0.0616505555808544
0.0437529794871807
0.2200437337160110
-0.0682890713214874
0.0228700339794159
-0.1723333299160004
-0.2956530153751373
0.1269449144601822
-0.0213279221206903
-0.0369214117527008
-0.0542257763445377
-0.0916931107640266
-0.0931593328714371
-0.1105534210801125
-0.1679662168025970
-0.0755608528852463
0.0220628622919321
-0.1457416415214539
0.0960540175437927
0.0775473937392235
0.0629246905446053
0.0644927546381950
-0.0114500811323524
-0.0108254663646221
-0.0247980840504169
-0.1293584108352661
0.0446371659636497
-0.1239182353019714
0.0093029355630279
-0.0938046276569366
-0.1790179163217545
0.0619008354842663
0.1113769188523293
-0.3084906935691833
-0.0138211064040661
0.1614007055759430
-0.0009421212598681
-0.0433903150260448
-0.0313713364303112
-0.0450427606701851
0.0039068041369319
-0.1847673058509827
-0.0215880796313286
-0.0091461511328816
-0.0235900450497866
-0.1535170823335648
0.0997722893953323
-0.0654150843620300
-0.1282607167959213
0.1424577385187149
-0.1005842387676239
-0.0330238379538059
0.0186621639877558
0.0367911569774151
0.0071465582586825
-0.0716088935732841
-0.1058186814188957
0.0632347092032433
-0.0407443381845951
-0.0526465885341167
0.0768402069807053
0.0103614861145616
-0.0538346990942955
0.0690204277634621
-0.0501643083989620
-0.0819506943225861
-0.1377028524875641
0.1562574356794357
-0.0109420288354158
0.1633941680192947
0.0014181111473590
0.0884368568658829
-0.1891594082117081
-0.0669680833816528
-0.0513240508735180
0.0402329228818417
-0.0788464099168777
-0.0249228011816740
-0.1526805758476257
-0.0901226028800011
-0.1885330975055695
0.1128620356321335
-0.0118279037997127
0.0860354825854301
-0.0983347147703171
-0.0512520112097263
0.0472077876329422
-0.0406944453716278
0.0946233943104744
-0.0703734084963799
0.0062447171658278
-0.0589639730751514
0.0338841676712036
-0.0593563318252563
-0.1568176597356796
0.0789174437522888
0.0534710772335529
-0.0879464447498322
-0.1007959917187691
-0.1285533457994461
-0.0735784173011780
0.0724446401000023
-0.0118434783071280
0.0076454528607428
0.0582403764128685
0.0927445068955421
-0.0393593497574329
0.0518810674548149
0.1147508248686790
0.0264683105051517
-0.1215631961822510
0.0305602680891752
-0.1211589649319649
0.0783271044492722
-0.0812873095273972
-0.0948926284909248
-0.0794029384851456
-0.1183052435517311
-0.0928590297698975
-0.1798170953989029
-0.1539212167263031
0.0996940881013870
-0.0661431550979614
-0.0669327899813652
-0.0921465307474136
0.0313772037625313
0.1228531822562218
-0.0539112575352192
0.0439401082694530
0.1534430235624313
0.0097910435870290
0.0098358308896422
0.0309287980198860
0.1305343359708786
-0.0676575079560280
0.0161483082920313
0.0668111816048622
-0.2035234421491623
-0.1241422221064568
-0.1891325116157532
-0.0655066892504692
0.0759852677583694
-0.0577547959983349
0.0921134054660797
-0.1477438211441040
0.0830810517072678
-0.0015299035003409
0.0579888746142387
0.1101671904325485
-0.1702503114938736
-0.1167991831898689
0.0827551782131195
0.0904676020145416
-0.0444508157670498
-0.1187362745404243
0.0389827191829681
-0.1475594341754913
-0.1064209192991257
-0.0465836226940155
0.0777851194143295
-0.0398221649229527
0.1278312802314758
-0.0841954424977303
0.1564193964004517
0.0046778400428593
-0.1054481863975525
-0.0445176623761654
-0.0498356260359287
-0.1651351749897003
0.0245671793818474
-0.1400668621063232
-0.0666885823011398
0.0555205531418324
0.1205560117959976
-0.0237454697489738
-0.1254276633262634
-0.0620526745915413
0.0321493931114674
0.0616429969668388
0.0599182620644569
0.0640808120369911
-0.1791108697652817
0.0232910979539156
0.0248327329754829
0.0198298897594213
0.0639500468969345
-0.0705329179763794
-0.0469551831483841
-0.1403672546148300
-0.0353952571749687
-0.0136573920026422
-0.0848830267786980
0.0492417104542255
0.1209379658102989
-0.0660493150353432
-0.0408475399017334
0.0694513395428658
-0.0336757674813271
-0.0715073421597481
-0.1253825426101685
-0.1465528309345245
0.0555735789239407
0.0968044400215149
0.0119700897485018
-0.1383879035711288
0.0517810024321079
-0.1609821021556854
-0.0382016897201538
-0.0354752913117409
-0.1064916774630547
-0.0974770486354828
0.1111434996128082
-0.0528197064995766
-0.1606248170137405
-0.0937103554606438
-0.1889907121658325
0.0094349496066570
-0.0301520358771086
-0.0859778746962547
-0.0114340754225850
0.0096221501007676
0.0305854044854641
0.0589981414377689
-0.1267616599798203
-0.0123577155172825
-0.0537401176989079
-0.0780871585011482
0.0165574904531240
0.0777730569243431
0.0807124450802803
-0.1067976802587509
0.0266367606818676
0.0112374480813742
-0.0643439739942551
-0.0956793576478958
0.0900100246071815
-0.0159969180822372
0.1301776468753815
-0.0417197495698929
-0.1441072076559067
-0.0765676870942116
-0.2131887227296829
0.0216210260987282
-0.0093612289056182
-0.1088153794407845
-0.0984350293874741
-0.0417105443775654
-0.0872492492198944
0.1286416202783585
0.0230355206876993
-0.2120012342929840
-0.1847078353166580
-0.0510265156626701
-0.0418576374650002
0.0721074193716049
-0.1054979041218758
-0.1193974092602730
-0.0356436893343925
-0.0414161495864391
-0.0134764732792974
0.0415717810392380
-0.1084995120763779
-0.0854405909776688
0.0725193172693253
0.0072112414054573
-0.0474893823266029
-0.1232103109359741
0.0612426362931728
0.1005184426903725
-0.0214303731918335
-0.0994111672043800
-0.0249036289751530
0.0060589006170630
0.0470025539398193
-0.1012970581650734
-0.0623540878295898
-0.0096805347129703
0.1300028115510941
0.0326231792569160
-0.0390069819986820
-0.1202631294727325
-0.1831459105014801
0.0696007758378983
-0.1276719123125076
-0.1262382864952087
-0.1656336039304733
0.0804089382290840
0.1072400212287903
0.0235941670835018
0.0214748643338680
-0.1596142947673798
0.0246818885207176
-0.1030661314725876
0.1253200918436050
-0.1233322396874428
-0.1427635401487350
-0.1477994471788406
-0.0714525058865547
0.0542583949863911
-0.1233442649245262
0.0522914417088032
-0.1149133816361427
-0.0605726949870586
-0.1040975823998451
-0.2076312601566315
0.0157433133572340
-0.0373314060270786
0.0243115779012442
0.0680671259760857
0.0375197343528271
-0.0412441939115524
0.0004930571885780
-0.0605582930147648
0.0508546344935894
-0.1679225713014603
0.0238846894353628
-0.1257285326719284
0.0365615822374821
-0.0432670675218105
-0.0483014732599258
-0.1458009332418442
-0.2081975638866425
-0.1825617253780365
0.0015523562906310
-0.0829266011714935
0.1642272174358368
0.0603450536727905
-0.0424070358276367
0.0174540393054485
0.1276087611913681
-0.1116646900773048
-0.0272109545767307
-0.1931279152631760
0.0415117591619492
-0.0284496564418077
-0.1576831936836243
-0.0027645295485854
-0.0047835391014814
0.0715142786502838
-0.0875115841627121
0.0390294604003429
0.0853312835097313
-0.0457119047641754
0.0916385576128960
-0.1626351028680801
-0.1705990135669708
0.1170602068305016
-0.1669735014438629
-0.1302901208400726
0.1006929874420166
-0.0014210300287232
0.0115672079846263
0.0253978949040174
-0.0232280045747757
-0.0661000758409500
0.0736494660377502
-0.1899816244840622
-0.0995327904820442
0.1104550808668137
-0.0534184351563454
-0.0124129457399249
0.0837399289011955
-0.1321220248937607
-0.0576087683439255
0.0128104127943516
-0.1943177133798599
-0.0856205150485039
0.1063637882471085
0.0216912161558867
-0.0352676361799240
-0.0715609341859818
0.0768848061561584
-0.0362166091799736
-0.0845599249005318
-0.0617276318371296
-0.0905680954456329
0.0541639551520348
-0.0898347944021225
-0.0808346420526505
-0.1437438726425171
0.0808404684066772
0.0927688851952553
-0.0435557924211025
0.0935402214527130
0.0345376171171665
-0.2070473581552505
-0.2507540881633759
-0.0599802769720554
-0.1526297926902771
0.0800332278013229
0.1354086101055145
-0.2314200550317764
0.2064498364925385
0.1800293028354645
-0.0735716447234154
-0.1615577191114426
0.2351721078157425
0.1912957876920700
-0.0189302843064070
-0.0059374338015914
-0.1930691152811050
-0.0182434264570475
0.0060118045657873
0.0894506052136421
-0.1178616434335709
0.0413266904652119
0.0237271673977375
-0.0412962064146996
0.0316877923905849
-0.0220638830214739
0.1076556816697121
-0.0298353303223848
0.0996282771229744
-0.0721375718712807
0.0995387956500053
-0.1784643679857254
-0.0643829330801964
0.0520554482936859
-0.1416192352771759
0.0300692804157734
-0.1203864142298698
-0.1351575106382370
-0.0225341767072678
-0.1450967490673065
-0.1781594306230545
0.0362953580915928
-0.0682142898440361
-0.1709296405315399
0.0804898589849472
0.0017195998225361
-0.1126090660691261
0.0510238222777843
0.0172466486692429
0.0293936934322119
0.0558566711843014
-0.0254247300326824
-0.0906433016061783
-0.0134812090545893
0.0658056512475014
-0.0224535949528217
-0.0913448333740234
-0.0564485713839531
-0.0547774955630302
-0.2137018740177155
-0.1316611170768738
-0.2018892168998718
-0.0200147386640310
